ablation,task,regime,seed,episodes,success,success_probability,utility,side_effect_recall,side_effect_violation,damage_rate,false_alarm,query_cost,preference_regret,human_acceptance,delayed_effect_miss,label_disagreement_loss
full_causal_side_effect_model,table_clearing,nominal,0,96,0.697917,0.662145,0.747545,0.566912,0.020075,0.032202,0.082995,0.201109,0.055613,0.714308,0.046266,0.085564
full_causal_side_effect_model,table_clearing,nominal,1,96,0.65625,0.654617,0.721621,0.581118,0.016414,0.020629,0.079654,0.201109,0.062534,0.724161,0.054267,0.078077
full_causal_side_effect_model,table_clearing,nominal,2,96,0.697917,0.661454,0.75323,0.584219,0.016355,0.024508,0.08265,0.201109,0.063356,0.714397,0.050476,0.078337
full_causal_side_effect_model,table_clearing,nominal,3,96,0.625,0.651,0.697013,0.573918,0.018231,0.020422,0.071203,0.201109,0.059222,0.729263,0.049006,0.080181
full_causal_side_effect_model,table_clearing,nominal,4,96,0.677083,0.669528,0.734281,0.567561,0.01512,0.024932,0.078002,0.201109,0.065162,0.719669,0.053442,0.079023
full_causal_side_effect_model,table_clearing,nominal,5,96,0.604167,0.665347,0.681966,0.591637,0.016118,0.020071,0.079505,0.201109,0.056881,0.714748,0.041602,0.088098
full_causal_side_effect_model,table_clearing,nominal,6,96,0.625,0.661597,0.6974,0.555465,0.005739,0.018748,0.0829,0.201109,0.053671,0.726301,0.045064,0.080924
full_causal_side_effect_model,table_clearing,nominal,7,96,0.65625,0.66673,0.721824,0.574156,0.010506,0.025698,0.080112,0.201109,0.058504,0.721854,0.050622,0.073794
full_causal_side_effect_model,table_clearing,nominal,8,96,0.739583,0.674195,0.786439,0.577774,0.018997,0.027631,0.078478,0.201109,0.056343,0.730762,0.05082,0.084854
full_causal_side_effect_model,table_clearing,nominal,9,96,0.6875,0.671036,0.748316,0.595246,0.022102,0.027382,0.071245,0.201109,0.053328,0.719528,0.044851,0.076546
full_causal_side_effect_model,table_clearing,force_damage,0,96,0.6875,0.653139,0.734698,0.581691,0.031763,0.04247,0.073379,0.209531,0.06894,0.719082,0.055129,0.076285
full_causal_side_effect_model,table_clearing,force_damage,1,96,0.645833,0.645258,0.702798,0.575983,0.024682,0.042842,0.081074,0.209531,0.063902,0.715103,0.052075,0.069401
full_causal_side_effect_model,table_clearing,force_damage,2,96,0.614583,0.649511,0.680923,0.608603,0.029733,0.041039,0.073786,0.209531,0.062178,0.700414,0.05351,0.078802
full_causal_side_effect_model,table_clearing,force_damage,3,96,0.614583,0.643259,0.680937,0.597745,0.031789,0.042709,0.0774,0.209531,0.058137,0.720523,0.048546,0.078318
full_causal_side_effect_model,table_clearing,force_damage,4,96,0.708333,0.647409,0.755247,0.592879,0.030969,0.03851,0.073191,0.209531,0.062421,0.709236,0.053562,0.070155
full_causal_side_effect_model,table_clearing,force_damage,5,96,0.552083,0.653122,0.62738,0.586329,0.029193,0.04093,0.079783,0.209531,0.067003,0.723045,0.062011,0.081345
full_causal_side_effect_model,table_clearing,force_damage,6,96,0.645833,0.663914,0.703909,0.594439,0.023553,0.046103,0.074749,0.209531,0.064135,0.704946,0.056243,0.077666
full_causal_side_effect_model,table_clearing,force_damage,7,96,0.604167,0.642859,0.670512,0.595624,0.032551,0.045972,0.069961,0.209531,0.060683,0.715582,0.052653,0.078871
full_causal_side_effect_model,table_clearing,force_damage,8,96,0.614583,0.655414,0.684846,0.593935,0.019919,0.037773,0.074724,0.209531,0.055956,0.722957,0.059415,0.081101
full_causal_side_effect_model,table_clearing,force_damage,9,96,0.614583,0.638165,0.677567,0.592435,0.033988,0.04792,0.073216,0.209531,0.05903,0.71689,0.059089,0.070842
full_causal_side_effect_model,table_clearing,object_displacement,0,96,0.65625,0.654549,0.710676,0.597215,0.039666,0.033569,0.083478,0.209005,0.069423,0.709888,0.049259,0.077723
full_causal_side_effect_model,table_clearing,object_displacement,1,96,0.708333,0.649327,0.749774,0.581061,0.041035,0.035659,0.073548,0.209005,0.072051,0.716526,0.052304,0.075665
full_causal_side_effect_model,table_clearing,object_displacement,2,96,0.739583,0.646742,0.778659,0.575649,0.02961,0.030903,0.075675,0.209005,0.063396,0.716474,0.054074,0.083222
full_causal_side_effect_model,table_clearing,object_displacement,3,96,0.645833,0.653023,0.707574,0.602712,0.028784,0.035632,0.074029,0.209005,0.062615,0.710262,0.049251,0.083886
full_causal_side_effect_model,table_clearing,object_displacement,4,96,0.666667,0.650299,0.723017,0.573868,0.024465,0.030444,0.07632,0.209005,0.060617,0.721638,0.048424,0.08473
full_causal_side_effect_model,table_clearing,object_displacement,5,96,0.65625,0.662873,0.708472,0.570816,0.03345,0.03466,0.078211,0.209005,0.064263,0.70804,0.049913,0.077356
full_causal_side_effect_model,table_clearing,object_displacement,6,96,0.645833,0.658814,0.699995,0.585509,0.034516,0.038728,0.084118,0.209005,0.068124,0.719915,0.06493,0.080942
full_causal_side_effect_model,table_clearing,object_displacement,7,96,0.625,0.652504,0.692879,0.602015,0.027558,0.034893,0.079059,0.209005,0.063501,0.723132,0.045937,0.080525
full_causal_side_effect_model,table_clearing,object_displacement,8,96,0.614583,0.648423,0.680637,0.595396,0.038953,0.029108,0.0759,0.209005,0.063102,0.719164,0.051532,0.081465
full_causal_side_effect_model,table_clearing,object_displacement,9,96,0.645833,0.632341,0.704423,0.594613,0.033874,0.038543,0.074259,0.209005,0.057626,0.711279,0.054989,0.079825
full_causal_side_effect_model,table_clearing,clutter_accumulation,0,96,0.614583,0.639737,0.679559,0.602803,0.031448,0.039148,0.07385,0.209794,0.069319,0.708871,0.051346,0.083066
full_causal_side_effect_model,table_clearing,clutter_accumulation,1,96,0.625,0.638796,0.687574,0.600166,0.03609,0.036535,0.084123,0.209794,0.065621,0.716326,0.04732,0.080943
full_causal_side_effect_model,table_clearing,clutter_accumulation,2,96,0.666667,0.651389,0.719571,0.574252,0.027378,0.036775,0.072527,0.209794,0.066182,0.71574,0.048924,0.081969
full_causal_side_effect_model,table_clearing,clutter_accumulation,3,96,0.645833,0.650798,0.705058,0.595365,0.037598,0.036611,0.079404,0.209794,0.06199,0.724758,0.053492,0.073684
full_causal_side_effect_model,table_clearing,clutter_accumulation,4,96,0.6875,0.662242,0.734483,0.586204,0.038618,0.038662,0.081234,0.209794,0.067594,0.716424,0.0442,0.075704
full_causal_side_effect_model,table_clearing,clutter_accumulation,5,96,0.65625,0.641865,0.710475,0.582276,0.03703,0.036691,0.078448,0.209794,0.06258,0.721969,0.047698,0.082211
full_causal_side_effect_model,table_clearing,clutter_accumulation,6,96,0.697917,0.646633,0.74664,0.580427,0.025785,0.036242,0.081701,0.209794,0.062764,0.717786,0.047181,0.078295
full_causal_side_effect_model,table_clearing,clutter_accumulation,7,96,0.65625,0.659053,0.719492,0.601493,0.030299,0.030688,0.077252,0.209794,0.061727,0.731957,0.050988,0.075864
full_causal_side_effect_model,table_clearing,clutter_accumulation,8,96,0.65625,0.645379,0.711343,0.585175,0.03523,0.03776,0.082379,0.209794,0.060541,0.714983,0.045333,0.074155
full_causal_side_effect_model,table_clearing,clutter_accumulation,9,96,0.645833,0.662121,0.704018,0.589703,0.0303,0.037382,0.075123,0.209794,0.066251,0.715133,0.052357,0.082104
full_causal_side_effect_model,table_clearing,unstable_placement,0,96,0.666667,0.656144,0.723035,0.601588,0.032179,0.042593,0.076697,0.210058,0.064596,0.728556,0.052362,0.077532
full_causal_side_effect_model,table_clearing,unstable_placement,1,96,0.625,0.642353,0.688391,0.598261,0.027982,0.040868,0.072527,0.210058,0.060394,0.709345,0.052297,0.089415
full_causal_side_effect_model,table_clearing,unstable_placement,2,96,0.625,0.655093,0.68707,0.589467,0.036477,0.035984,0.073005,0.210058,0.0686,0.726481,0.054742,0.07917
full_causal_side_effect_model,table_clearing,unstable_placement,3,96,0.6875,0.637781,0.737923,0.607048,0.038294,0.038828,0.080547,0.210058,0.064711,0.711403,0.052186,0.071802
full_causal_side_effect_model,table_clearing,unstable_placement,4,96,0.59375,0.644468,0.665787,0.594489,0.024777,0.035246,0.078117,0.210058,0.065652,0.718356,0.055172,0.078199
full_causal_side_effect_model,table_clearing,unstable_placement,5,96,0.645833,0.639583,0.699482,0.595195,0.046169,0.0377,0.078335,0.210058,0.06831,0.718418,0.053094,0.084343
full_causal_side_effect_model,table_clearing,unstable_placement,6,96,0.697917,0.651687,0.750728,0.599707,0.022456,0.041709,0.075086,0.210058,0.062284,0.720777,0.056174,0.071808
full_causal_side_effect_model,table_clearing,unstable_placement,7,96,0.666667,0.658407,0.723402,0.592545,0.028161,0.033142,0.080077,0.210058,0.061437,0.714419,0.051327,0.079535
full_causal_side_effect_model,table_clearing,unstable_placement,8,96,0.677083,0.647744,0.731085,0.596472,0.026842,0.036618,0.079178,0.210058,0.066294,0.719812,0.053773,0.086504
full_causal_side_effect_model,table_clearing,unstable_placement,9,96,0.770833,0.644494,0.799936,0.587448,0.039282,0.042413,0.077854,0.210058,0.064055,0.723902,0.057839,0.083187
full_causal_side_effect_model,table_clearing,irreversible_change,0,96,0.572917,0.648682,0.64183,0.592313,0.036702,0.045239,0.081187,0.210321,0.06773,0.718471,0.054443,0.078019
full_causal_side_effect_model,table_clearing,irreversible_change,1,96,0.59375,0.641351,0.656738,0.585002,0.034587,0.050075,0.07458,0.210321,0.068925,0.713798,0.050831,0.078701
full_causal_side_effect_model,table_clearing,irreversible_change,2,96,0.708333,0.652979,0.747052,0.57275,0.029652,0.047503,0.075131,0.210321,0.064771,0.705306,0.059457,0.07905
full_causal_side_effect_model,table_clearing,irreversible_change,3,96,0.65625,0.647811,0.708522,0.593218,0.035379,0.047589,0.07011,0.210321,0.072037,0.714111,0.052159,0.079659
full_causal_side_effect_model,table_clearing,irreversible_change,4,96,0.65625,0.648942,0.705695,0.582697,0.035222,0.046406,0.08095,0.210321,0.069235,0.712167,0.061709,0.073752
full_causal_side_effect_model,table_clearing,irreversible_change,5,96,0.604167,0.641221,0.661071,0.569271,0.031531,0.0471,0.081496,0.210321,0.065433,0.703645,0.053884,0.08973
full_causal_side_effect_model,table_clearing,irreversible_change,6,96,0.614583,0.638094,0.671507,0.586145,0.037807,0.052768,0.080653,0.210321,0.064299,0.722222,0.063392,0.081678
full_causal_side_effect_model,table_clearing,irreversible_change,7,96,0.645833,0.636407,0.700165,0.605117,0.044384,0.047316,0.075377,0.210321,0.067,0.715078,0.04995,0.079485
full_causal_side_effect_model,table_clearing,irreversible_change,8,96,0.666667,0.639773,0.717175,0.582132,0.035161,0.042113,0.0829,0.210321,0.067768,0.730945,0.058001,0.078708
full_causal_side_effect_model,table_clearing,irreversible_change,9,96,0.625,0.640779,0.682761,0.589169,0.034072,0.047374,0.077606,0.210321,0.066467,0.712416,0.056058,0.07889
full_causal_side_effect_model,table_clearing,human_workspace_disruption,0,96,0.625,0.649132,0.683295,0.590264,0.037671,0.039677,0.078316,0.210584,0.064552,0.711382,0.053553,0.08758
full_causal_side_effect_model,table_clearing,human_workspace_disruption,1,96,0.708333,0.63569,0.746343,0.583726,0.043533,0.043644,0.073851,0.210584,0.068551,0.713006,0.052292,0.085077
full_causal_side_effect_model,table_clearing,human_workspace_disruption,2,96,0.708333,0.651658,0.746764,0.583603,0.045193,0.039773,0.083225,0.210584,0.069588,0.71785,0.049714,0.08257
full_causal_side_effect_model,table_clearing,human_workspace_disruption,3,96,0.645833,0.659107,0.701435,0.598214,0.046261,0.032472,0.081543,0.210584,0.064951,0.716741,0.055263,0.080956
full_causal_side_effect_model,table_clearing,human_workspace_disruption,4,96,0.677083,0.650117,0.726488,0.581545,0.033697,0.041207,0.078071,0.210584,0.063749,0.719532,0.049592,0.079193
full_causal_side_effect_model,table_clearing,human_workspace_disruption,5,96,0.572917,0.643058,0.633915,0.572365,0.045724,0.044349,0.079942,0.210584,0.06766,0.707914,0.052117,0.085259
full_causal_side_effect_model,table_clearing,human_workspace_disruption,6,96,0.552083,0.639688,0.626088,0.585766,0.036435,0.037409,0.07752,0.210584,0.064168,0.712065,0.054522,0.07916
full_causal_side_effect_model,table_clearing,human_workspace_disruption,7,96,0.666667,0.648356,0.720187,0.579216,0.030658,0.039018,0.08,0.210584,0.06178,0.728983,0.0438,0.08711
full_causal_side_effect_model,table_clearing,human_workspace_disruption,8,96,0.614583,0.646049,0.68031,0.593012,0.026488,0.036154,0.080679,0.210584,0.060899,0.710856,0.060473,0.079028
full_causal_side_effect_model,table_clearing,human_workspace_disruption,9,96,0.614583,0.638576,0.678259,0.597096,0.035441,0.038194,0.077516,0.210584,0.072098,0.72189,0.05192,0.082294
full_causal_side_effect_model,table_clearing,latent_material_damage,0,96,0.645833,0.642539,0.699655,0.581398,0.040601,0.044988,0.073964,0.21111,0.05613,0.723817,0.05422,0.081488
full_causal_side_effect_model,table_clearing,latent_material_damage,1,96,0.604167,0.644732,0.662755,0.589455,0.037003,0.049706,0.076268,0.21111,0.069407,0.705841,0.059786,0.082853
full_causal_side_effect_model,table_clearing,latent_material_damage,2,96,0.572917,0.638138,0.637512,0.596623,0.044671,0.044136,0.084182,0.21111,0.071347,0.702716,0.056426,0.077739
full_causal_side_effect_model,table_clearing,latent_material_damage,3,96,0.625,0.662811,0.681702,0.592851,0.037869,0.049096,0.076334,0.21111,0.060498,0.708163,0.061203,0.079357
full_causal_side_effect_model,table_clearing,latent_material_damage,4,96,0.583333,0.624686,0.648395,0.581828,0.027094,0.046603,0.089178,0.21111,0.064805,0.706171,0.062317,0.075716
full_causal_side_effect_model,table_clearing,latent_material_damage,5,96,0.604167,0.640875,0.662511,0.599256,0.043122,0.049619,0.076699,0.21111,0.072537,0.710363,0.061996,0.083226
full_causal_side_effect_model,table_clearing,latent_material_damage,6,96,0.604167,0.656074,0.663884,0.578229,0.037607,0.050744,0.073713,0.21111,0.060373,0.718658,0.057278,0.07932
full_causal_side_effect_model,table_clearing,latent_material_damage,7,96,0.635417,0.631471,0.69529,0.595524,0.027353,0.04964,0.063914,0.21111,0.062887,0.719613,0.060023,0.087365
full_causal_side_effect_model,table_clearing,latent_material_damage,8,96,0.635417,0.647628,0.688457,0.579098,0.037109,0.044846,0.078773,0.21111,0.068857,0.716369,0.058906,0.080805
full_causal_side_effect_model,table_clearing,latent_material_damage,9,96,0.677083,0.650678,0.726296,0.591327,0.035088,0.04081,0.071553,0.21111,0.063825,0.711986,0.06246,0.081593
full_causal_side_effect_model,drawer_retrieval,nominal,0,96,0.635417,0.650518,0.704803,0.587661,0.018078,0.02581,0.079188,0.201109,0.058227,0.721822,0.054781,0.076137
full_causal_side_effect_model,drawer_retrieval,nominal,1,96,0.708333,0.654417,0.767372,0.58408,0.008645,0.024173,0.07477,0.201109,0.050752,0.714824,0.040257,0.080663
full_causal_side_effect_model,drawer_retrieval,nominal,2,96,0.645833,0.654707,0.710207,0.580021,0.019551,0.026003,0.078027,0.201109,0.069725,0.721459,0.043334,0.080974
full_causal_side_effect_model,drawer_retrieval,nominal,3,96,0.604167,0.652204,0.679812,0.592119,0.023715,0.032191,0.076013,0.201109,0.05122,0.725366,0.046021,0.075328
full_causal_side_effect_model,drawer_retrieval,nominal,4,96,0.635417,0.669654,0.710196,0.595636,0.013657,0.018746,0.07876,0.201109,0.054509,0.71723,0.047714,0.075967
full_causal_side_effect_model,drawer_retrieval,nominal,5,96,0.614583,0.652033,0.688297,0.597716,0.021706,0.027879,0.076014,0.201109,0.05812,0.720112,0.052497,0.079893
full_causal_side_effect_model,drawer_retrieval,nominal,6,96,0.645833,0.655604,0.712846,0.592601,0.016228,0.030798,0.077454,0.201109,0.061316,0.719287,0.05289,0.076786
full_causal_side_effect_model,drawer_retrieval,nominal,7,96,0.666667,0.660432,0.734805,0.593808,0.013782,0.018483,0.080573,0.201109,0.060044,0.724487,0.049981,0.073708
full_causal_side_effect_model,drawer_retrieval,nominal,8,96,0.53125,0.656817,0.625283,0.590813,0.014788,0.02438,0.077079,0.201109,0.05363,0.729811,0.0547,0.076225
full_causal_side_effect_model,drawer_retrieval,nominal,9,96,0.677083,0.65141,0.734736,0.581189,0.023765,0.026637,0.079267,0.201109,0.059394,0.715815,0.050958,0.07284
full_causal_side_effect_model,drawer_retrieval,force_damage,0,96,0.520833,0.654923,0.606769,0.590077,0.025448,0.035485,0.077172,0.209531,0.064937,0.725185,0.063395,0.077423
full_causal_side_effect_model,drawer_retrieval,force_damage,1,96,0.708333,0.649009,0.752856,0.611275,0.030324,0.049761,0.082315,0.209531,0.065412,0.708942,0.054466,0.085291
full_causal_side_effect_model,drawer_retrieval,force_damage,2,96,0.583333,0.636511,0.655409,0.605219,0.030078,0.043743,0.073561,0.209531,0.064916,0.71215,0.051107,0.08204
full_causal_side_effect_model,drawer_retrieval,force_damage,3,96,0.552083,0.633551,0.629171,0.57424,0.021783,0.037937,0.075581,0.209531,0.061639,0.71506,0.057687,0.078311
full_causal_side_effect_model,drawer_retrieval,force_damage,4,96,0.583333,0.63716,0.653936,0.585022,0.025324,0.045392,0.075683,0.209531,0.064602,0.722867,0.052874,0.079261
full_causal_side_effect_model,drawer_retrieval,force_damage,5,96,0.666667,0.642988,0.7162,0.571802,0.022331,0.047556,0.078217,0.209531,0.064889,0.707446,0.055787,0.078175
full_causal_side_effect_model,drawer_retrieval,force_damage,6,96,0.59375,0.633755,0.656012,0.590534,0.037847,0.048058,0.080673,0.209531,0.068495,0.71762,0.060343,0.082354
full_causal_side_effect_model,drawer_retrieval,force_damage,7,96,0.6875,0.634821,0.731339,0.581771,0.029951,0.052117,0.076276,0.209531,0.071667,0.712271,0.048662,0.080799
full_causal_side_effect_model,drawer_retrieval,force_damage,8,96,0.604167,0.641154,0.668604,0.587208,0.027691,0.047498,0.079385,0.209531,0.062937,0.720005,0.062432,0.076813
full_causal_side_effect_model,drawer_retrieval,force_damage,9,96,0.6875,0.642461,0.731843,0.575226,0.033277,0.048902,0.07092,0.209531,0.061729,0.719,0.058343,0.080967
full_causal_side_effect_model,drawer_retrieval,object_displacement,0,96,0.6875,0.647061,0.743533,0.595074,0.021337,0.032211,0.077541,0.209005,0.062972,0.724645,0.053391,0.084997
full_causal_side_effect_model,drawer_retrieval,object_displacement,1,96,0.677083,0.639788,0.726418,0.577317,0.035732,0.037316,0.074116,0.209005,0.063432,0.717877,0.052259,0.077648
full_causal_side_effect_model,drawer_retrieval,object_displacement,2,96,0.645833,0.635864,0.70577,0.594903,0.031105,0.038247,0.073845,0.209005,0.060369,0.720597,0.059256,0.080141
full_causal_side_effect_model,drawer_retrieval,object_displacement,3,96,0.572917,0.646128,0.651601,0.58402,0.025351,0.030514,0.073843,0.209005,0.052776,0.725164,0.048856,0.082313
full_causal_side_effect_model,drawer_retrieval,object_displacement,4,96,0.614583,0.644021,0.678538,0.58492,0.029028,0.035941,0.075308,0.209005,0.062996,0.710374,0.062309,0.076253
full_causal_side_effect_model,drawer_retrieval,object_displacement,5,96,0.666667,0.636818,0.727088,0.588176,0.02157,0.029999,0.084707,0.209005,0.059545,0.724784,0.045628,0.079647
full_causal_side_effect_model,drawer_retrieval,object_displacement,6,96,0.635417,0.64226,0.698949,0.582936,0.023402,0.035788,0.078094,0.209005,0.058389,0.719195,0.051411,0.076999
full_causal_side_effect_model,drawer_retrieval,object_displacement,7,96,0.604167,0.652672,0.67696,0.603812,0.027218,0.026566,0.077336,0.209005,0.062804,0.717554,0.055462,0.087028
full_causal_side_effect_model,drawer_retrieval,object_displacement,8,96,0.677083,0.644719,0.732579,0.592387,0.028991,0.028477,0.0784,0.209005,0.064016,0.712008,0.056136,0.07238
full_causal_side_effect_model,drawer_retrieval,object_displacement,9,96,0.604167,0.636861,0.672967,0.580447,0.030881,0.030425,0.072197,0.209005,0.056882,0.724519,0.055607,0.084189
full_causal_side_effect_model,drawer_retrieval,clutter_accumulation,0,96,0.645833,0.636697,0.707955,0.589523,0.022558,0.032755,0.076786,0.209794,0.066688,0.72143,0.052272,0.083932
full_causal_side_effect_model,drawer_retrieval,clutter_accumulation,1,96,0.583333,0.641451,0.648847,0.579779,0.039092,0.042571,0.080639,0.209794,0.060838,0.720957,0.05336,0.082433
full_causal_side_effect_model,drawer_retrieval,clutter_accumulation,2,96,0.59375,0.634966,0.659666,0.583108,0.035305,0.034684,0.07922,0.209794,0.066849,0.716495,0.05555,0.081999
full_causal_side_effect_model,drawer_retrieval,clutter_accumulation,3,96,0.65625,0.639942,0.716005,0.589772,0.020133,0.032696,0.08017,0.209794,0.064379,0.719943,0.060788,0.085174
full_causal_side_effect_model,drawer_retrieval,clutter_accumulation,4,96,0.666667,0.631407,0.723599,0.595094,0.024442,0.033924,0.077828,0.209794,0.071685,0.716502,0.051031,0.08254
full_causal_side_effect_model,drawer_retrieval,clutter_accumulation,5,96,0.6875,0.645242,0.737922,0.572563,0.025319,0.038463,0.07261,0.209794,0.058334,0.720587,0.04675,0.082739
full_causal_side_effect_model,drawer_retrieval,clutter_accumulation,6,96,0.666667,0.6566,0.721677,0.58918,0.028063,0.03982,0.084278,0.209794,0.065301,0.731434,0.05681,0.07898
full_causal_side_effect_model,drawer_retrieval,clutter_accumulation,7,96,0.65625,0.653109,0.711451,0.592262,0.035668,0.036073,0.079816,0.209794,0.06225,0.723358,0.058412,0.087841
full_causal_side_effect_model,drawer_retrieval,clutter_accumulation,8,96,0.604167,0.629351,0.673963,0.590067,0.02545,0.036647,0.071272,0.209794,0.067391,0.727593,0.05366,0.08318
full_causal_side_effect_model,drawer_retrieval,clutter_accumulation,9,96,0.625,0.635153,0.683544,0.577168,0.023915,0.042475,0.08404,0.209794,0.067449,0.708241,0.051767,0.084479
full_causal_side_effect_model,drawer_retrieval,unstable_placement,0,96,0.53125,0.654475,0.606876,0.585953,0.039471,0.040168,0.082938,0.210058,0.070984,0.711883,0.052305,0.075097
full_causal_side_effect_model,drawer_retrieval,unstable_placement,1,96,0.625,0.63,0.690039,0.584018,0.023659,0.03527,0.078898,0.210058,0.070067,0.722633,0.050423,0.072024
full_causal_side_effect_model,drawer_retrieval,unstable_placement,2,96,0.635417,0.641971,0.691064,0.582673,0.038027,0.035505,0.075657,0.210058,0.066358,0.709531,0.056251,0.08516
full_causal_side_effect_model,drawer_retrieval,unstable_placement,3,96,0.666667,0.635516,0.722013,0.587958,0.025236,0.045642,0.077141,0.210058,0.057027,0.717153,0.05148,0.073365
full_causal_side_effect_model,drawer_retrieval,unstable_placement,4,96,0.65625,0.645801,0.714072,0.599013,0.027098,0.039544,0.081272,0.210058,0.067961,0.722991,0.056452,0.082948
full_causal_side_effect_model,drawer_retrieval,unstable_placement,5,96,0.666667,0.636004,0.715845,0.582636,0.034602,0.042577,0.071939,0.210058,0.064166,0.710969,0.061823,0.082889
full_causal_side_effect_model,drawer_retrieval,unstable_placement,6,96,0.59375,0.635361,0.664228,0.599873,0.031294,0.040101,0.079781,0.210058,0.058426,0.714924,0.051301,0.078561
full_causal_side_effect_model,drawer_retrieval,unstable_placement,7,96,0.59375,0.642917,0.658432,0.589208,0.034725,0.045951,0.073172,0.210058,0.069159,0.712885,0.055022,0.07655
full_causal_side_effect_model,drawer_retrieval,unstable_placement,8,96,0.572917,0.624732,0.643936,0.596226,0.027429,0.042659,0.080002,0.210058,0.070112,0.710098,0.055132,0.087207
full_causal_side_effect_model,drawer_retrieval,unstable_placement,9,96,0.6875,0.641118,0.737788,0.599769,0.032378,0.037643,0.080207,0.210058,0.06911,0.721605,0.058562,0.081785
full_causal_side_effect_model,drawer_retrieval,irreversible_change,0,96,0.59375,0.637058,0.652264,0.585527,0.038478,0.055594,0.080154,0.210321,0.068042,0.712069,0.053693,0.088479
full_causal_side_effect_model,drawer_retrieval,irreversible_change,1,96,0.583333,0.623997,0.648333,0.572154,0.030712,0.047347,0.07498,0.210321,0.065473,0.714065,0.048911,0.08142
full_causal_side_effect_model,drawer_retrieval,irreversible_change,2,96,0.677083,0.626666,0.727422,0.586595,0.028777,0.044351,0.069565,0.210321,0.061822,0.713566,0.062333,0.07938
full_causal_side_effect_model,drawer_retrieval,irreversible_change,3,96,0.635417,0.629494,0.688888,0.575396,0.034509,0.046895,0.071083,0.210321,0.067226,0.718429,0.063841,0.081367
full_causal_side_effect_model,drawer_retrieval,irreversible_change,4,96,0.645833,0.640037,0.695985,0.571284,0.040751,0.039143,0.07305,0.210321,0.065009,0.705336,0.056211,0.079553
full_causal_side_effect_model,drawer_retrieval,irreversible_change,5,96,0.666667,0.635624,0.71398,0.586905,0.037337,0.049436,0.076956,0.210321,0.06719,0.7148,0.058508,0.080565
full_causal_side_effect_model,drawer_retrieval,irreversible_change,6,96,0.59375,0.64435,0.656696,0.586478,0.035391,0.056093,0.072228,0.210321,0.062356,0.723283,0.055606,0.082301
full_causal_side_effect_model,drawer_retrieval,irreversible_change,7,96,0.541667,0.642901,0.617823,0.571019,0.024288,0.041313,0.081252,0.210321,0.063679,0.721901,0.056864,0.085207
full_causal_side_effect_model,drawer_retrieval,irreversible_change,8,96,0.541667,0.637264,0.6129,0.591172,0.035514,0.046399,0.077207,0.210321,0.074115,0.70017,0.061167,0.08292
full_causal_side_effect_model,drawer_retrieval,irreversible_change,9,96,0.635417,0.632505,0.689002,0.590257,0.03938,0.048745,0.077701,0.210321,0.072408,0.723034,0.059699,0.082671
full_causal_side_effect_model,drawer_retrieval,human_workspace_disruption,0,96,0.614583,0.634672,0.677393,0.586796,0.034601,0.042586,0.069282,0.210584,0.064385,0.724017,0.053714,0.083391
full_causal_side_effect_model,drawer_retrieval,human_workspace_disruption,1,96,0.635417,0.645744,0.691354,0.576493,0.03669,0.038847,0.071986,0.210584,0.06346,0.722707,0.054171,0.091318
full_causal_side_effect_model,drawer_retrieval,human_workspace_disruption,2,96,0.65625,0.636465,0.70527,0.58777,0.045953,0.032723,0.075495,0.210584,0.071411,0.704211,0.060079,0.084709
full_causal_side_effect_model,drawer_retrieval,human_workspace_disruption,3,96,0.59375,0.626347,0.658631,0.604945,0.037544,0.046464,0.081177,0.210584,0.067737,0.711958,0.055741,0.084983
full_causal_side_effect_model,drawer_retrieval,human_workspace_disruption,4,96,0.604167,0.62599,0.666419,0.592496,0.035469,0.047542,0.071161,0.210584,0.070965,0.710428,0.049364,0.080811
full_causal_side_effect_model,drawer_retrieval,human_workspace_disruption,5,96,0.645833,0.637068,0.699844,0.579845,0.036465,0.035506,0.07977,0.210584,0.063185,0.714572,0.058867,0.083737
full_causal_side_effect_model,drawer_retrieval,human_workspace_disruption,6,96,0.583333,0.637407,0.653467,0.596695,0.032475,0.03721,0.074101,0.210584,0.066289,0.711381,0.052971,0.089543
full_causal_side_effect_model,drawer_retrieval,human_workspace_disruption,7,96,0.645833,0.634829,0.70131,0.596779,0.035298,0.047141,0.086036,0.210584,0.061219,0.71853,0.052579,0.079798
full_causal_side_effect_model,drawer_retrieval,human_workspace_disruption,8,96,0.645833,0.630302,0.698483,0.580685,0.035288,0.04311,0.070864,0.210584,0.069087,0.715066,0.054255,0.088112
full_causal_side_effect_model,drawer_retrieval,human_workspace_disruption,9,96,0.625,0.629293,0.681093,0.588214,0.037072,0.046221,0.082755,0.210584,0.069001,0.714679,0.048508,0.087832
full_causal_side_effect_model,drawer_retrieval,latent_material_damage,0,96,0.53125,0.627691,0.601732,0.577377,0.038909,0.053735,0.079327,0.21111,0.067552,0.715523,0.058792,0.082757
full_causal_side_effect_model,drawer_retrieval,latent_material_damage,1,96,0.65625,0.629593,0.707969,0.605808,0.033857,0.053979,0.071047,0.21111,0.072272,0.705836,0.057399,0.079617
full_causal_side_effect_model,drawer_retrieval,latent_material_damage,2,96,0.552083,0.632396,0.623248,0.58721,0.026215,0.053828,0.077175,0.21111,0.070791,0.712202,0.063152,0.081308
full_causal_side_effect_model,drawer_retrieval,latent_material_damage,3,96,0.666667,0.626022,0.711832,0.602711,0.03975,0.061903,0.076981,0.21111,0.068964,0.708018,0.060988,0.077182
full_causal_side_effect_model,drawer_retrieval,latent_material_damage,4,96,0.666667,0.637744,0.709454,0.581358,0.038914,0.051615,0.077767,0.21111,0.076308,0.70857,0.059611,0.081958
full_causal_side_effect_model,drawer_retrieval,latent_material_damage,5,96,0.739583,0.626003,0.771488,0.588391,0.031146,0.054906,0.073215,0.21111,0.074997,0.710462,0.061302,0.080713
full_causal_side_effect_model,drawer_retrieval,latent_material_damage,6,96,0.677083,0.63415,0.720802,0.574919,0.031331,0.058099,0.075383,0.21111,0.068824,0.728683,0.058584,0.084419
full_causal_side_effect_model,drawer_retrieval,latent_material_damage,7,96,0.645833,0.637097,0.693549,0.592907,0.04267,0.054281,0.078774,0.21111,0.069829,0.711988,0.063219,0.08599
full_causal_side_effect_model,drawer_retrieval,latent_material_damage,8,96,0.604167,0.626955,0.668643,0.602864,0.0333,0.045143,0.079989,0.21111,0.064752,0.71284,0.060645,0.082678
full_causal_side_effect_model,drawer_retrieval,latent_material_damage,9,96,0.614583,0.627668,0.669928,0.575463,0.037981,0.052107,0.070317,0.21111,0.064698,0.710109,0.062573,0.07473
full_causal_side_effect_model,cable_routing,nominal,0,96,0.625,0.644754,0.704351,0.590417,0.006485,0.021608,0.076455,0.201109,0.050128,0.722445,0.040523,0.077444
full_causal_side_effect_model,cable_routing,nominal,1,96,0.583333,0.640433,0.665823,0.588942,0.015691,0.021021,0.077385,0.201109,0.0575,0.721022,0.047124,0.080588
full_causal_side_effect_model,cable_routing,nominal,2,96,0.708333,0.641781,0.766199,0.600134,0.011847,0.028817,0.081529,0.201109,0.061472,0.722436,0.05446,0.073889
full_causal_side_effect_model,cable_routing,nominal,3,96,0.614583,0.645676,0.688896,0.568008,0.011537,0.021689,0.080677,0.201109,0.054876,0.723737,0.044213,0.078382
full_causal_side_effect_model,cable_routing,nominal,4,96,0.71875,0.655765,0.77113,0.591198,0.022204,0.02398,0.071779,0.201109,0.058142,0.714957,0.054493,0.078059
full_causal_side_effect_model,cable_routing,nominal,5,96,0.708333,0.652686,0.765607,0.581671,0.014988,0.023412,0.079009,0.201109,0.053855,0.726548,0.043717,0.078305
full_causal_side_effect_model,cable_routing,nominal,6,96,0.5625,0.643939,0.650175,0.584812,0.007401,0.028941,0.077748,0.201109,0.06089,0.730779,0.041736,0.078832
full_causal_side_effect_model,cable_routing,nominal,7,96,0.614583,0.643265,0.691439,0.596969,0.016444,0.020785,0.078886,0.201109,0.060526,0.720997,0.047539,0.081296
full_causal_side_effect_model,cable_routing,nominal,8,96,0.645833,0.649491,0.718853,0.598668,0.014052,0.027886,0.071085,0.201109,0.056495,0.72699,0.04241,0.074623
full_causal_side_effect_model,cable_routing,nominal,9,96,0.666667,0.649662,0.730636,0.594124,0.02266,0.026002,0.073704,0.201109,0.053414,0.717151,0.049769,0.076554
full_causal_side_effect_model,cable_routing,force_damage,0,96,0.65625,0.639047,0.704598,0.575082,0.034042,0.04773,0.071376,0.209531,0.070314,0.708171,0.060589,0.0762
full_causal_side_effect_model,cable_routing,force_damage,1,96,0.645833,0.615953,0.698015,0.580115,0.035491,0.046597,0.078322,0.209531,0.066287,0.720343,0.058809,0.08115
full_causal_side_effect_model,cable_routing,force_damage,2,96,0.6875,0.62604,0.737478,0.591856,0.031287,0.038938,0.070177,0.209531,0.064245,0.719094,0.062486,0.08154
full_causal_side_effect_model,cable_routing,force_damage,3,96,0.614583,0.629961,0.673144,0.582942,0.029381,0.048141,0.083996,0.209531,0.067016,0.706877,0.057413,0.078043
full_causal_side_effect_model,cable_routing,force_damage,4,96,0.645833,0.64709,0.699421,0.584739,0.031288,0.049465,0.075315,0.209531,0.065064,0.715079,0.062283,0.076517
full_causal_side_effect_model,cable_routing,force_damage,5,96,0.697917,0.627374,0.73653,0.581847,0.026867,0.054796,0.081117,0.209531,0.070599,0.696734,0.062599,0.080072
full_causal_side_effect_model,cable_routing,force_damage,6,96,0.59375,0.62682,0.658213,0.589926,0.032985,0.047456,0.07358,0.209531,0.06271,0.708915,0.060258,0.081187
full_causal_side_effect_model,cable_routing,force_damage,7,96,0.625,0.632921,0.682359,0.593384,0.031519,0.046829,0.076197,0.209531,0.070872,0.710645,0.062729,0.087836
full_causal_side_effect_model,cable_routing,force_damage,8,96,0.6875,0.616002,0.732992,0.592545,0.026309,0.051194,0.077888,0.209531,0.067118,0.714056,0.066748,0.088577
full_causal_side_effect_model,cable_routing,force_damage,9,96,0.65625,0.633645,0.706744,0.592128,0.036471,0.046798,0.078185,0.209531,0.065949,0.701748,0.056057,0.076625
full_causal_side_effect_model,cable_routing,object_displacement,0,96,0.708333,0.642181,0.750074,0.587644,0.033933,0.03956,0.079456,0.209005,0.064343,0.704801,0.055294,0.084502
full_causal_side_effect_model,cable_routing,object_displacement,1,96,0.71875,0.639194,0.76432,0.597051,0.02889,0.035319,0.076729,0.209005,0.063567,0.713087,0.062977,0.076641
full_causal_side_effect_model,cable_routing,object_displacement,2,96,0.645833,0.633965,0.707789,0.604682,0.027532,0.037728,0.079877,0.209005,0.061058,0.713491,0.050072,0.082919
full_causal_side_effect_model,cable_routing,object_displacement,3,96,0.614583,0.645008,0.68273,0.597642,0.034303,0.029789,0.07548,0.209005,0.062136,0.720338,0.050379,0.081555
full_causal_side_effect_model,cable_routing,object_displacement,4,96,0.708333,0.639487,0.755761,0.592055,0.026179,0.038239,0.07435,0.209005,0.064073,0.719227,0.055893,0.085845
full_causal_side_effect_model,cable_routing,object_displacement,5,96,0.65625,0.64466,0.71106,0.573752,0.030665,0.038281,0.073416,0.209005,0.061248,0.722382,0.050191,0.08222
full_causal_side_effect_model,cable_routing,object_displacement,6,96,0.5625,0.643962,0.637611,0.593006,0.029109,0.035828,0.08232,0.209005,0.064304,0.719568,0.058017,0.089548
full_causal_side_effect_model,cable_routing,object_displacement,7,96,0.583333,0.631714,0.652925,0.573693,0.024267,0.038008,0.078972,0.209005,0.059984,0.711953,0.05493,0.079863
full_causal_side_effect_model,cable_routing,object_displacement,8,96,0.625,0.621568,0.68582,0.586124,0.03234,0.042337,0.075641,0.209005,0.057118,0.720391,0.063476,0.080746
full_causal_side_effect_model,cable_routing,object_displacement,9,96,0.770833,0.644077,0.80303,0.589634,0.036825,0.04034,0.070364,0.209005,0.062222,0.724528,0.057568,0.081768
full_causal_side_effect_model,cable_routing,clutter_accumulation,0,96,0.59375,0.630209,0.656934,0.592114,0.04392,0.0381,0.073313,0.209794,0.069566,0.703783,0.052059,0.080452
full_causal_side_effect_model,cable_routing,clutter_accumulation,1,96,0.604167,0.633158,0.67177,0.584532,0.035675,0.028004,0.070962,0.209794,0.064404,0.716693,0.050916,0.08003
full_causal_side_effect_model,cable_routing,clutter_accumulation,2,96,0.697917,0.633883,0.744084,0.580492,0.033173,0.037866,0.073837,0.209794,0.067433,0.721915,0.052852,0.078246
full_causal_side_effect_model,cable_routing,clutter_accumulation,3,96,0.6875,0.630486,0.743358,0.598224,0.028022,0.030598,0.07374,0.209794,0.061706,0.724136,0.052257,0.081641
full_causal_side_effect_model,cable_routing,clutter_accumulation,4,96,0.625,0.639423,0.684927,0.580189,0.029914,0.038643,0.082124,0.209794,0.063591,0.723048,0.057861,0.087571
full_causal_side_effect_model,cable_routing,clutter_accumulation,5,96,0.75,0.633608,0.784273,0.587146,0.034883,0.03778,0.076388,0.209794,0.063536,0.71369,0.064251,0.082982
full_causal_side_effect_model,cable_routing,clutter_accumulation,6,96,0.645833,0.628874,0.70256,0.577931,0.035056,0.035763,0.075471,0.209794,0.063169,0.724535,0.051929,0.080133
full_causal_side_effect_model,cable_routing,clutter_accumulation,7,96,0.583333,0.635181,0.657966,0.595695,0.02735,0.033018,0.067515,0.209794,0.061181,0.712935,0.06078,0.079392
full_causal_side_effect_model,cable_routing,clutter_accumulation,8,96,0.541667,0.624561,0.620208,0.593842,0.037826,0.034728,0.073634,0.209794,0.066521,0.723549,0.059516,0.08307
full_causal_side_effect_model,cable_routing,clutter_accumulation,9,96,0.572917,0.632036,0.642357,0.585187,0.035148,0.03781,0.085419,0.209794,0.064447,0.712608,0.052502,0.079452
full_causal_side_effect_model,cable_routing,unstable_placement,0,96,0.6875,0.633117,0.730001,0.595035,0.041122,0.047223,0.075985,0.210058,0.068523,0.713481,0.067508,0.08587
full_causal_side_effect_model,cable_routing,unstable_placement,1,96,0.552083,0.628372,0.628825,0.578806,0.022161,0.042879,0.073459,0.210058,0.054191,0.711578,0.054436,0.087049
full_causal_side_effect_model,cable_routing,unstable_placement,2,96,0.5625,0.62655,0.634142,0.600848,0.036793,0.042799,0.081656,0.210058,0.071321,0.712747,0.053636,0.082039
full_causal_side_effect_model,cable_routing,unstable_placement,3,96,0.572917,0.619768,0.646027,0.591629,0.033241,0.039748,0.074538,0.210058,0.062865,0.723363,0.053315,0.081064
full_causal_side_effect_model,cable_routing,unstable_placement,4,96,0.6875,0.61851,0.73267,0.57614,0.032555,0.043788,0.065298,0.210058,0.066176,0.708877,0.049018,0.085552
full_causal_side_effect_model,cable_routing,unstable_placement,5,96,0.583333,0.620934,0.648501,0.582479,0.036085,0.046175,0.075252,0.210058,0.067672,0.720765,0.061022,0.07926
full_causal_side_effect_model,cable_routing,unstable_placement,6,96,0.583333,0.625798,0.646803,0.578179,0.036985,0.038836,0.073802,0.210058,0.071074,0.702718,0.064183,0.077132
full_causal_side_effect_model,cable_routing,unstable_placement,7,96,0.614583,0.633046,0.679477,0.592917,0.031469,0.039171,0.07755,0.210058,0.061177,0.720971,0.055507,0.0837
full_causal_side_effect_model,cable_routing,unstable_placement,8,96,0.71875,0.623488,0.765033,0.598423,0.028171,0.03477,0.074342,0.210058,0.060309,0.709354,0.058607,0.08142
full_causal_side_effect_model,cable_routing,unstable_placement,9,96,0.666667,0.636469,0.716692,0.584389,0.03884,0.036258,0.075598,0.210058,0.067885,0.708208,0.054083,0.075797
full_causal_side_effect_model,cable_routing,irreversible_change,0,96,0.645833,0.633262,0.697274,0.592205,0.039854,0.048011,0.079256,0.210321,0.064433,0.709756,0.066864,0.07467
full_causal_side_effect_model,cable_routing,irreversible_change,1,96,0.614583,0.622337,0.669555,0.584308,0.039895,0.046624,0.082988,0.210321,0.068186,0.709657,0.069157,0.079368
full_causal_side_effect_model,cable_routing,irreversible_change,2,96,0.583333,0.622842,0.641348,0.580565,0.04919,0.056822,0.076065,0.210321,0.066603,0.720948,0.061412,0.078713
full_causal_side_effect_model,cable_routing,irreversible_change,3,96,0.5625,0.606541,0.631753,0.588709,0.035307,0.050809,0.075794,0.210321,0.059784,0.715037,0.068127,0.078859
full_causal_side_effect_model,cable_routing,irreversible_change,4,96,0.583333,0.619007,0.648297,0.576464,0.03414,0.044211,0.078416,0.210321,0.06614,0.724233,0.057665,0.087209
full_causal_side_effect_model,cable_routing,irreversible_change,5,96,0.5625,0.61047,0.629355,0.590804,0.041037,0.04941,0.080589,0.210321,0.064462,0.708634,0.064373,0.076681
full_causal_side_effect_model,cable_routing,irreversible_change,6,96,0.59375,0.630873,0.651174,0.587848,0.031926,0.058434,0.088123,0.210321,0.068777,0.703051,0.06539,0.085706
full_causal_side_effect_model,cable_routing,irreversible_change,7,96,0.583333,0.621446,0.649995,0.608635,0.041003,0.044773,0.0761,0.210321,0.070902,0.713925,0.061802,0.086558
full_causal_side_effect_model,cable_routing,irreversible_change,8,96,0.645833,0.62662,0.700561,0.6061,0.036065,0.04423,0.077101,0.210321,0.069683,0.707855,0.066983,0.08169
full_causal_side_effect_model,cable_routing,irreversible_change,9,96,0.666667,0.613309,0.704576,0.582291,0.050278,0.053825,0.076542,0.210321,0.073125,0.703342,0.06661,0.085292
full_causal_side_effect_model,cable_routing,human_workspace_disruption,0,96,0.572917,0.63321,0.640921,0.578149,0.03183,0.035617,0.078843,0.210584,0.070936,0.711837,0.059211,0.086938
full_causal_side_effect_model,cable_routing,human_workspace_disruption,1,96,0.614583,0.630013,0.672886,0.583056,0.040061,0.03808,0.075181,0.210584,0.073068,0.710292,0.054377,0.080966
full_causal_side_effect_model,cable_routing,human_workspace_disruption,2,96,0.59375,0.633413,0.659628,0.596328,0.034067,0.04313,0.075301,0.210584,0.072823,0.717191,0.052298,0.087008
full_causal_side_effect_model,cable_routing,human_workspace_disruption,3,96,0.677083,0.638124,0.726897,0.601677,0.041834,0.035686,0.082862,0.210584,0.065184,0.712612,0.049619,0.086349
full_causal_side_effect_model,cable_routing,human_workspace_disruption,4,96,0.5625,0.622098,0.630305,0.579642,0.042922,0.038603,0.074795,0.210584,0.069175,0.721507,0.057668,0.089969
full_causal_side_effect_model,cable_routing,human_workspace_disruption,5,96,0.635417,0.634958,0.684994,0.589138,0.044709,0.040707,0.081154,0.210584,0.075818,0.706726,0.06678,0.090814
full_causal_side_effect_model,cable_routing,human_workspace_disruption,6,96,0.614583,0.627767,0.674124,0.595215,0.031194,0.048283,0.083195,0.210584,0.07077,0.710437,0.056367,0.084767
